function states_dot = linearizedEquationsOfMotion(states,T,Fx,Fy)

A = ...
[[ 0, 0, 0,                                                                          1,                                   0,                                                                          0,                                                                              0,                                              0,                                                                         0,                                                                                           0,   0,   0,   0];
 [ 0, 0, 0,                                                                          0,                                   1,                                                                          0,                                                                              0,                                              0,                                                                         0,                                                                                           0,   0,   0,   0];
 [ 0, 0, 0,                                                                          0,                                   0,                                                                          1,                                                                              0,                                              0,                                                                         0,                                                                                           0,   0,   0,   0];
 [ 0, 0, 0, - 4399406898690159/18014398509481984 + 4553692591814779i/72057594037927936,   1935440946316585/9007199254740992, - 7564281583099349/72057594037927936 + 4553692591814779i/72057594037927936,        5761952288408007/9007199254740992 - 4553692591814779i/36028797018963968,       T/2 - 3193643442748257/18014398509481984, - 1770653642732025/4503599627370496 + 4553692591814779i/36028797018963968,                    7058953086084729/18014398509481984 + 4553692591814779i/18014398509481984,   0,   0,   0];
 [ 0, 0, 0, - 7266405686269569/36028797018963968 + 3219946911111175i/72057594037927936,  -1393798132928437/4503599627370496, - 3719082184851223/36028797018963968 + 3219946911111175i/72057594037927936, - T/2 + (12172087031291/281474976710656 - 3219946911111175i/36028797018963968),             7094647002836691/36028797018963968,  3741230271233493/18014398509481984 + 3219946911111175i/36028797018963968,                   - 2493190563281553/2251799813685248 + 3219946911111175i/18014398509481984,   0,   0,   0];
 [ 0, 0, 0,  - 1303818202474425/2251799813685248 + 8210316448578897i/72057594037927936, -5473544299052599/36028797018963968,    851843096453351/18014398509481984 + 8210316448578897i/72057594037927936,      - 8317596751838929/9007199254740992 - 8210316448578897i/36028797018963968,              5676881634605485/4503599627370496, - 1923443367567275/2251799813685248 + 8210316448578897i/36028797018963968,             T/2 - (8210316448578899/9007199254740992 - 8210316448578897i/18014398509481984),   0,   0,   0];
 [ 0, 0, 0,                                                                          0,                                   0,                                                                          0,                                                                              0,                                            1/2,                                                                         0,                                                                                         1/2, 1/2,   0,   0];
 [ 0, 0, 0,                                                                          0,                                   0,                                                                          0,                                                                           -1/2,                                              0,                                                                       1/2,                                                                                           0,   0, 1/2,   0];
 [ 0, 0, 0,                                                                          0,                                   0,                                                                          0,                                                                              0,                                           -1/2,                                                                         0,                                                                                         1/2,   0,   0, 1/2];
 [ 0, 0, 0,                                                                          0,                                   0,                                                                          0,                                                                           -1/2,                                              0,                                                                      -1/2,                                                                                           0,   0,   0,   0];
 [ 0, 0, 0,   - 847747330064783/2251799813685248 + 3005283783703763i/36028797018963968,  -2601756514799749/4503599627370496,     - 54236615195747/281474976710656 + 3005283783703763i/36028797018963968,      - 3467941343335595/4503599627370496 - 3005283783703763i/18014398509481984,              3310835267990455/9007199254740992,  6983629839635853/18014398509481984 + 3005283783703763i/18014398509481984,        (14*Fy)/15 - (1715203438548307/562949953421312 - 3005283783703763i/9007199254740992),   0,   0,   0];
 [ 0, 0, 0,    1026528276361037/2251799813685248 - 4250113085693793i/36028797018963968, -7225646199581917/18014398509481984,   3529998072113029/18014398509481984 - 4250113085693793i/36028797018963968,        - 336113883490467/281474976710656 + 4250113085693793i/18014398509481984,             -2341114069387633/4503599627370496,    826305033274945/1125899906842624 - 4250113085693793i/18014398509481984, - (14*Fx)/15 - (103281979437060369/144115188075855872 + 4250113085693793i/9007199254740992),   0,   0,   0];
 [ 0, 0, 0,                                                                          0,                                   0,                                                                          0,                               2131719981804911/144115188075855872 - (14*Fx)/15, 2206858036067663/2251799813685248 - (14*Fy)/15,                                                                         0,                                                                                           0,   0,   0,   0]];

states_dot = A*states;